dataset 1
379    172740
370    172740
252    172740
222    172740
187    172740
171    172740
115    172740
114    172740
101    172740
93     172740
86     172740
77     172740
59     172740
26     172740

dataset 2
585    172740
890    172740
484    172740
490    172740
499    172740
503    172740
516    172740
545    172740
547    172740
575    172740
604    172740
434    172740
624    172740
661    172740
668    172740
744    172740
774    172740
781    172740
821    172740
871    172740
483    172740
898    128460
410    128460

dataset 3
1589    172740
1334    172740
974     172740
1086    172740
1103    172740
1169    172740
1192    172740
1202    172740
1283    172740
1392    172740
1551    172740
1403    172740
1415    172740
1450    172740
1463    172740
1500    172740
1507    172740
1524    172740
946     172740

dataset 4
1953    172740
1830    172740
1629    172740
1632    172740
1642    172740
1696    172740
1697    172740
1700    172740
1714    172740
1617    172740
1766    172740
1790    172740
1791    172740
1792    172740
1800    172740
1801    172740
1731    172500
1718    171552
1796     85560


dataset 5
2034    172740
2337    172740
2094    172740
2129    172740
2156    172740
2158    172740
2171    172740
2199    172740
2233    172740
2361    172740
2018    172740
2365    172740
2378    172740
2401    172740
2449    172740
2472    172740
2004    172740
2072    172740
2461    147420

dataset 6
2859    172740
2829    172740
2818    172740
2814    172740
2787    172740
2769    172740
2755    172740
2710    172740
2641    172740
2638    172740
2606    172740
2575    172740
2557    172740
2532    172740
2510    172740
2742    172680


dataset 7
3273    172740
3268    172740
2931    172740
2945    172740
2953    172740
2965    172740
2980    172740
2986    172740
3036    172740
3039    172740
3104    172740
3126    172740
3134    172740
3192    172740
3221    172740
2925    172740
3009    172680
3044    172620
3092     86700


dataset 8
3967    172740
3649    172740
3367    172740
3368    172740
3392    172740
3394    172740
3401    172740
3456    172740
3482    172740
3500    172740
3506    172740
3538    172740
3577    172740
3953    172740
3310    172740
3723    172740
3736    172740
3795    172740
3829    172740
3831    172740
3849    172740
3916    172740
3918    172740
3935    172740
3938    172740
3635    172680
3527    156060
3719    114342
3413    112980
3734     86220

dataset 9
4031    172740
4342    172740
4495    172740
4473    172740
4447    172740
4373    172740
4375    172740
4357    172740
4352    172740
4336    172740
4998    172740
4313    172740
4297    172740
4298    172740
4220    172740
4213    172740
4193    172740
4154    172740
4499    172740
4505    172740
4514    172740
4767    172740
4957    172740
4956    172740
4920    172740
4874    172740
4830    172740
4575    172740
4773    172740
4703    172740
4670    172740
4641    172740
4633    172740
4601    172740
4590    172740
4147    172740
4946    172680
4944    172057

dataset 10
7989,133417
6692,133417
7117,133417
7024,133417
7973,133417
7017,133417
7001,133417
6990,133417
6941,133417
6887,133417
6799,133417
6730,133417
6691,133417
7361,133417
6593,133417
6578,133417
6423,133417
6264,133417
6248,133417
6165,133417
6148,133417
6139,133417
6121,133417
6061,133417
7166,133417
6063,133417
7390,133417
7767,133417
7965,133417
7951,133417
7940,133417
7900,133417
7901,133417
7875,133417
7850,133417
7800,133417
7793,133417
7429,133417
7787,133417
7769,133417
7788,133417
7741,133417
7739,133417
7504,133417
7536,133417
7560,133417
7627,133417
7641,133417
7719,133417
6412,133416
6348,133416
6460,133416
6498,133416
6910,133416
6888,133416
7030,133416
6101,133416
6643,133416
7731,133157
7016,126757
6266,104257
6191,89137

dataset 11
8829,90801
8317,90801
9134,90801
8188,90800
9085,90800
8862,90800
8857,90800
8956,90800
8995,90800
9001,90800
9019,90800
9052,90800
9121,90800
8767,90800
9141,90800
9142,90800
9156,90800
9160,90800
9206,90800
9235,90800
9248,90800
8807,90800
8741,90800
8163,90800
8669,90800
8201,90800
8218,90800
8236,90800
8243,90800
8273,90800
8282,90800
8292,90800
8342,90800
8368,90800
8386,90800
8395,90800
8419,90800
8555,90800
8589,90800
8622,90800
8626,90800
8645,90800
9278,90800
8197,90800
9912,90800
8084,90800
9915,90800
9926,90800
9921,90800
9922,90800
9932,90800
9935,90800
9942,90800
9937,90800
9938,90800
9939,90800
9971,90800
9982,90800
9983,90800
8046,90800
8059,90800
8061,90800
8079,90800
9343,90800
9875,90800
8156,90800
9609,90800
9356,90800
9434,90800
9462,90800
9484,90800
9555,90800
9605,90800
9613,90800
9647,90800
9818,90800
9654,90800
9701,90800
9729,90800
9766,90800
9775,90800
9771,90800
9776,90800
8086,90800
9295,46520
9836,4760
9333,4760
